344.31	-251.73	
344.527	-251.73	
344.745	-251.73	
344.963	8.36	
345.18	18.6	
345.398	-116.56	
345.616	-94.04	
345.833	37.03	
346.051	0.17	
346.268	22.7	
346.486	-20.31	
346.703	75.95	
346.921	106.67	
347.139	-40.79	
347.356	-69.46	
347.574	88.23	
347.791	10.41	
348.009	16.55	
348.226	16.55	
348.444	39.08	
348.661	53.42	
348.878	30.89	
349.096	8.36	
349.313	67.75	
349.531	143.53	
349.748	-63.32	
349.965	63.66	
350.183	2.22	
350.4	18.6	
350.617	-59.22	
350.835	-30.55	
351.052	4.27	
351.269	59.56	
351.487	37.03	
351.704	-87.89	
351.921	-36.69	
352.139	32.94	
352.356	28.84	
352.573	-8.02	
352.79	-20.31	
353.007	32.94	
353.225	-24.4	
353.442	-46.93	
353.659	43.18	
353.876	41.13	
354.093	-85.84	
354.31	34.99	
354.528	51.37	
354.745	28.84	
354.962	45.23	
355.179	-38.74	
355.396	51.37	
355.613	-14.17	
355.83	-67.41	
356.047	6.31	
356.264	-22.36	
356.481	-20.31	
356.698	6.31	
356.915	14.51	
357.132	121	
357.349	65.71	
357.566	-26.45	
357.783	-22.36	
358	22.7	
358.217	-16.21	
358.434	-28.5	
358.651	47.27	
358.867	41.13	
359.084	-26.45	
359.301	0.17	
359.518	8.36	
359.735	34.99	
359.952	-20.31	
360.169	51.37	
360.385	26.79	
360.602	-28.5	
360.819	98.47	
361.036	-8.02	
361.252	57.51	
361.469	121	
361.686	59.56	
361.903	-120.66	
362.119	61.61	
362.336	43.18	
362.553	51.37	
362.769	-3.93	
362.986	-14.17	
363.203	102.57	
363.419	-34.64	
363.636	6.31	
363.852	-28.5	
364.069	127.14	
364.286	43.18	
364.502	112.81	
364.719	28.84	
364.935	30.89	
365.152	90.28	
365.368	18.6	
365.585	30.89	
365.801	-51.03	
366.018	110.76	
366.234	10.41	
366.451	80.04	
366.667	94.38	
366.884	-3.93	
367.1	14.51	
367.316	53.42	
367.533	-40.79	
367.749	16.55	
367.965	65.71	
368.182	10.41	
368.398	-34.64	
368.615	43.18	
368.831	20.65	
369.047	-61.27	
369.263	-51.03	
369.48	63.66	
369.696	-81.75	
369.912	-94.04	
370.128	-55.12	
370.345	129.19	
370.561	59.56	
370.777	-12.12	
370.993	26.79	
371.21	18.6	
371.426	45.23	
371.642	104.62	
371.858	69.8	
372.074	75.95	
372.29	73.9	
372.506	-122.71	
372.722	47.27	
372.939	71.85	
373.155	-36.69	
373.371	-46.93	
373.587	-12.12	
373.803	71.85	
374.019	49.32	
374.235	18.6	
374.451	28.84	
374.667	149.67	
374.883	-65.36	
375.099	92.33	
375.315	28.84	
375.531	39.08	
375.747	-28.5	
375.962	-22.36	
376.178	92.33	
376.394	-24.4	
376.61	77.99	
376.826	26.79	
377.042	82.09	
377.258	-1.88	
377.473	-16.21	
377.689	-53.08	
377.905	96.43	
378.121	86.19	
378.337	96.43	
378.552	96.43	
378.768	110.76	
378.984	71.85	
379.2	-28.5	
379.415	-38.74	
379.631	2.22	
379.847	94.38	
380.062	-10.07	
380.278	16.55	
380.494	84.14	
380.709	-3.93	
380.925	235.69	
381.141	110.76	
381.356	18.6	
381.572	184.49	
381.787	59.56	
382.003	100.52	
382.219	-3.93	
382.434	82.09	
382.65	18.6	
382.865	170.15	
383.081	2.22	
383.296	127.14	
383.512	178.34	
383.727	45.23	
383.943	86.19	
384.158	32.94	
384.373	106.67	
384.589	41.13	
384.804	61.61	
385.02	28.84	
385.235	34.99	
385.45	84.14	
385.666	30.89	
385.881	135.34	
386.096	88.23	
386.312	77.99	
386.527	96.43	
386.742	149.67	
386.958	114.86	
387.173	250.02	
387.388	-48.98	
387.603	106.67	
387.819	182.44	
388.034	151.72	
388.249	172.2	
388.464	268.45	
388.679	118.95	
388.895	112.81	
389.11	6.31	
389.325	141.48	
389.54	94.38	
389.755	161.96	
389.97	219.3	
390.185	114.86	
390.4	145.58	
390.615	168.1	
390.83	159.91	
391.046	272.55	
391.261	202.92	
391.476	194.73	
391.691	194.73	
391.906	129.19	
392.121	137.38	
392.336	276.65	
392.55	301.22	
392.765	301.22	
392.98	211.11	
393.195	252.07	
393.41	227.5	
393.625	264.36	
393.84	352.42	
394.055	340.13	
394.27	377	
394.484	270.5	
394.699	288.93	
394.914	366.76	
395.129	362.66	
395.344	356.52	
395.559	440.48	
395.773	370.85	
395.988	424.1	
396.203	444.58	
396.418	481.44	
396.632	321.7	
396.847	377	
397.062	477.35	
397.276	518.31	
397.491	420	
397.706	493.73	
397.92	413.86	
398.135	471.2	
398.35	690.34	
398.564	463.01	
398.779	442.53	
398.993	481.44	
399.208	524.45	
399.422	544.93	
399.637	555.17	
399.851	528.55	
400.066	553.12	
400.28	458.92	
400.495	635.04	
400.709	714.91	
400.924	608.42	
401.138	628.9	
401.353	739.49	
401.567	757.92	
401.782	776.35	
401.996	655.52	
402.21	790.69	
402.425	819.36	
402.639	659.62	
402.854	780.45	
403.068	833.69	
403.282	704.67	
403.497	686.24	
403.711	837.79	
403.925	809.12	
404.139	809.12	
404.354	827.55	
404.568	813.21	
404.782	936.09	
404.996	813.21	
405.211	862.37	
405.425	862.37	
405.639	983.2	
405.853	829.6	
406.067	1036.44	
406.281	944.28	
406.496	1042.59	
406.71	966.81	
406.924	1081.5	
407.138	1015.96	
407.352	1020.06	
407.566	1075.35	
407.78	1079.45	
407.994	1153.18	
408.208	1155.23	
408.422	1163.42	
408.636	1140.89	
408.85	1038.49	
409.064	1132.7	
409.278	1151.13	
409.492	1192.09	
409.706	1259.67	
409.92	1169.56	
410.134	1220.76	
410.348	1323.16	
410.562	1325.21	
410.776	1151.13	
410.989	1179.8	
411.203	1286.3	
411.417	1312.92	
411.631	1280.15	
411.845	1239.19	
412.059	1380.5	
412.272	1374.36	
412.486	1419.41	
412.7	1484.95	
412.914	1511.57	
413.127	1530	
413.341	1480.85	
413.555	1513.62	
413.769	1525.91	
413.982	1480.85	
414.196	1568.91	
414.41	1409.17	
414.623	1687.7	
414.837	1542.29	
415.051	1593.49	
415.264	1523.86	
415.478	1704.08	
415.691	1689.74	
415.905	1732.75	
416.119	1593.49	
416.332	1667.22	
416.546	1726.61	
416.759	1644.69	
416.973	1665.17	
417.186	1878.16	
417.4	1849.49	
417.613	1829.01	
417.827	1859.73	
418.04	1857.68	
418.253	1849.49	
418.467	1886.35	
418.68	1822.86	
418.894	1835.15	
419.107	1863.82	
419.32	1853.58	
419.534	1990.8	
419.747	1853.58	
419.96	2091.15	
420.174	1982.6	
420.387	2091.15	
420.6	1968.27	
420.814	2052.24	
421.027	2082.95	
421.24	2037.9	
421.453	2068.62	
421.667	2216.07	
421.88	2168.97	
422.093	2189.45	
422.306	2297.99	
422.519	2179.21	
422.733	2197.64	
422.946	2248.84	
423.159	2226.31	
423.372	2347.14	
423.585	2291.85	
423.798	2269.32	
424.011	2285.7	
424.224	2330.76	
424.437	2457.73	
424.651	2435.21	
424.864	2525.32	
425.077	2506.88	
425.29	2510.98	
425.503	2449.54	
425.716	2472.07	
425.929	2537.6	
426.142	2662.53	
426.354	2474.12	
426.567	2560.13	
426.78	2648.19	
426.993	2656.39	
427.206	2824.32	
427.419	2848.9	
427.632	2666.63	
427.845	2728.07	
428.058	2832.51	
428.27	2859.14	
428.483	2777.22	
428.696	2955.39	
428.909	3047.55	
429.122	3002.49	
429.334	2912.38	
429.547	2914.43	
429.76	3059.84	
429.973	2936.96	
430.185	3039.36	
430.398	3172.47	
430.611	3164.28	
430.823	3125.37	
431.036	3141.75	
431.249	3098.75	
431.461	3338.36	
431.674	3367.03	
431.887	3326.07	
432.099	3416.18	
432.312	3231.87	
432.524	3383.42	
432.737	3324.02	
432.949	3397.75	
433.162	3436.66	
433.374	3426.42	
433.587	3389.56	
433.799	3588.21	
434.012	3518.58	
434.224	3600.5	
434.437	3577.97	
434.649	3696.75	
434.862	3614.84	
435.074	3692.66	
435.287	3602.55	
435.499	3846.26	
435.711	3799.15	
435.924	3842.16	
436.136	3706.99	
436.348	3967.09	
436.561	3995.76	
436.773	4036.72	
436.985	4026.48	
437.198	4036.72	
437.41	4006	
437.622	4096.11	
437.834	4016.24	
438.047	4063.34	
438.259	4249.71	
438.471	4319.34	
438.683	4243.56	
438.895	4249.71	
439.108	4315.24	
439.32	4261.99	
439.532	4280.43	
439.744	4386.92	
439.956	4335.72	
440.168	4393.06	
440.38	4421.74	
440.592	4495.46	
440.804	4495.46	
441.017	4554.85	
441.229	4468.84	
441.441	4575.33	
441.653	4485.22	
441.865	4614.24	
442.077	4769.89	
442.289	4585.57	
442.501	4513.89	
442.712	5015.65	
442.924	4751.46	
443.136	4671.59	
443.348	4847.71	
443.56	4855.9	
443.772	4982.88	
443.984	4937.82	
444.196	4888.67	
444.408	4991.07	
444.619	5093.47	
444.831	5009.5	
445.043	5034.08	
445.255	5175.39	
445.467	5214.3	
445.678	5257.31	
445.89	5085.28	
446.102	5249.11	
446.314	5175.39	
446.525	5355.61	
446.737	5210.2	
446.949	5292.12	
447.16	5443.67	
447.372	5431.38	
447.584	5556.31	
447.795	5482.58	
448.007	5460.06	
448.219	5484.63	
448.43	5523.54	
448.642	5525.59	
448.853	5675.09	
449.065	5673.04	
449.276	5564.5	
449.488	5709.91	
449.699	5662.8	
449.911	5830.74	
450.122	5826.64	
450.334	5750.87	
450.545	6043.73	
450.757	5845.07	
450.968	5986.38	
451.18	6004.82	
451.391	6031.44	
451.602	6127.69	
451.814	6223.95	
452.025	6178.89	
452.237	6051.92	
452.448	6285.39	
452.659	6101.07	
452.871	6277.19	
453.082	6242.38	
453.293	6305.87	
453.504	6195.28	
453.716	6289.48	
453.927	6443.08	
454.138	6459.46	
454.349	6484.04	
454.561	6473.8	
454.772	6389.83	
454.983	6678.6	
455.194	6717.51	
455.405	6598.73	
455.616	6676.55	
455.828	6821.95	
456.039	6699.08	
456.25	6756.42	
456.461	6705.22	
456.672	6744.13	
456.883	7118.91	
457.094	6942.78	
457.305	6889.54	
457.516	7114.81	
457.727	7268.41	
457.938	7258.17	
458.149	7186.49	
458.36	7270.46	
458.571	7395.39	
458.782	7348.28	
458.993	7417.91	
459.204	7368.76	
459.415	7526.46	
459.626	7538.74	
459.837	7696.44	
460.047	7442.49	
460.258	7569.46	
460.469	7604.28	
460.68	7579.7	
460.891	7346.23	
461.102	7596.09	
461.312	7776.31	
461.523	7909.43	
461.734	7964.72	
461.945	7833.65	
462.155	8091.7	
462.366	8071.22	
462.577	8077.36	
462.788	8097.84	
462.998	8173.61	
463.209	8235.05	
463.42	8300.59	
463.63	8349.74	
463.841	8558.63	
464.051	8398.89	
464.262	8474.67	
464.473	8503.34	
464.683	9019.43	
464.894	8712.23	
465.104	8851.49	
465.315	9226.27	
465.525	9095.2	
465.736	9201.69	
465.946	9250.85	
466.157	9283.61	
466.367	9361.44	
466.578	9517.08	
466.788	9517.08	
466.999	9826.32	
467.209	9599	
467.419	9697.3	
467.63	9504.79	
467.84	10072.08	
468.051	9957.39	
468.261	10100.75	
468.471	10141.71	
468.682	10223.63	
468.892	10256.4	
469.102	10299.41	
469.313	10405.9	
469.523	10895.36	
469.733	10387.47	
469.943	10592.27	
470.154	10776.58	
470.364	10864.64	
470.574	11083.78	
470.784	10971.14	
470.994	11204.61	
471.204	11161.6	
471.415	11313.15	
471.625	11583.48	
471.835	11821.05	
472.045	11706.36	
472.255	11702.26	
472.465	11683.83	
472.675	12062.71	
472.885	12193.78	
473.095	12347.37	
473.305	12515.31	
473.515	12638.19	
473.725	12589.03	
473.935	12937.19	
474.145	12951.53	
474.355	12855.27	
474.565	13168.61	
474.775	13094.88	
474.985	13209.57	
475.195	13379.55	
475.405	13402.08	
475.615	14026.71	
475.825	13537.24	
476.034	13946.84	
476.244	13998.04	
476.454	14010.32	
476.664	14391.25	
476.874	14454.73	
477.084	14514.13	
477.293	14618.57	
477.503	14929.86	
477.713	15228.87	
477.923	15036.36	
478.132	15286.21	
478.342	15300.55	
478.552	15607.74	
478.761	15552.45	
478.971	15824.83	
479.181	15927.22	
479.39	15863.74	
479.6	16240.56	
479.81	16498.61	
480.019	16445.36	
480.229	16572.33	
480.438	16732.08	
480.648	16793.51	
480.857	16990.12	
481.067	17248.16	
481.276	17115.05	
481.486	17719.2	
481.695	17262.5	
481.905	17856.41	
482.114	17473.44	
482.324	17633.18	
482.533	17979.29	
482.743	18220.95	
482.952	17811.35	
483.162	18288.53	
483.371	18657.17	
483.58	18671.5	
483.79	18632.59	
483.999	18724.75	
484.208	19236.74	
484.418	18970.51	
484.627	19148.68	
484.836	19533.7	
485.045	19408.77	
485.255	19636.1	
485.464	19715.97	
485.673	19849.08	
485.882	20135.8	
486.092	20066.17	
486.301	20438.9	
486.51	20279.16	
486.719	20676.46	
486.928	20899.69	
487.137	20625.26	
487.347	21088.1	
487.556	20737.9	
487.765	21186.41	
487.974	21311.33	
488.183	21659.49	
488.392	21630.82	
488.601	21524.32	
488.81	21737.31	
489.019	22148.95	
489.228	21962.59	
489.437	22417.24	
489.646	22001.5	
489.855	22390.61	
490.064	22589.27	
490.273	22583.12	
490.482	22683.47	
490.691	22859.6	
490.9	23000.91	
491.109	23007.05	
491.317	23082.83	
491.526	23422.79	
491.735	23447.36	
491.944	23310.15	
492.153	23779.14	
492.362	23959.36	
492.57	23555.91	
492.779	24102.71	
492.988	24262.46	
493.197	23973.69	
493.405	24155.96	
493.614	24088.38	
493.823	24348.47	
494.031	24160.06	
494.24	24553.27	
494.449	24756.02	
494.657	24764.21	
494.866	24682.29	
495.075	24758.06	
495.283	24819.5	
495.492	25200.43	
495.7	25392.94	
495.909	25120.56	
496.118	25765.67	
496.326	25665.32	
496.535	25767.71	
496.743	25542.44	
496.952	25628.45	
497.16	26029.85	
497.369	25648.93	
497.577	25794.34	
497.786	25896.74	
497.994	25939.74	
498.202	26140.44	
498.411	26484.5	
498.619	26642.2	
498.828	26803.99	
499.036	26697.49	
499.244	26736.4	
499.453	27107.09	
499.661	26588.95	
499.869	27141.9	
500.077	27186.96	
500.286	26969.87	
500.494	27111.18	
500.702	27168.52	
500.911	27518.73	
501.119	27494.15	
501.327	27586.31	
501.535	27449.1	
501.743	27860.74	
501.952	28098.3	
502.16	28069.63	
502.368	27948.8	
502.576	27959.04	
502.784	28329.72	
502.992	28280.57	
503.2	28395.26	
503.408	28620.53	
503.616	28972.78	
503.824	28616.44	
504.032	28913.39	
504.24	28804.85	
504.448	28878.58	
504.656	28983.02	
504.864	29312.75	
505.072	29220.59	
505.28	29165.29	
505.488	28993.26	
505.696	29562.6	
505.904	29716.2	
506.112	29482.73	
506.32	29566.7	
506.528	29515.5	
506.736	29843.17	
506.943	29646.57	
507.151	30033.63	
507.359	29994.72	
507.567	29877.99	
507.775	30074.59	
507.982	30136.03	
508.19	30650.07	
508.398	30105.31	
508.606	30498.52	
508.813	30435.03	
509.021	30779.09	
509.229	30797.52	
509.437	30533.34	
509.644	31493.83	
509.852	31094.48	
510.059	31301.33	
510.267	31512.27	
510.475	31434.44	
510.682	31643.34	
510.89	31182.54	
511.097	31493.83	
511.305	31760.07	
511.512	32067.27	
511.72	31981.25	
511.928	31553.23	
512.135	32222.91	
512.343	32050.88	
512.55	32202.43	
512.757	32919.22	
512.965	32489.15	
513.172	32501.43	
513.38	32716.47	
513.587	33070.77	
513.794	32808.63	
514.002	33056.43	
514.209	33111.73	
514.417	33318.57	
514.624	33576.62	
514.831	33320.62	
515.039	33654.44	
515.246	33785.51	
515.453	34068.13	
515.66	33873.57	
515.868	33623.72	
516.075	34238.11	
516.282	33820.33	
516.489	33953.44	
516.696	33994.4	
516.904	34324.13	
517.111	34279.07	
517.318	34340.51	
517.525	34893.46	
517.732	33967.78	
517.939	34346.65	
518.146	34178.72	
518.353	34174.63	
518.561	34504.35	
518.768	34827.93	
518.975	34686.62	
519.182	35026.58	
519.389	34791.06	
519.596	34903.7	
519.803	35081.88	
520.01	34997.91	
520.217	35231.38	
520.423	35702.41	
520.63	35757.71	
520.837	36210.31	
521.044	36349.57	
521.251	36841.08	
521.458	37074.55	
521.665	36456.06	
521.872	36781.69	
522.079	37144.18	
522.285	37348.98	
522.492	36906.62	
522.699	37285.49	
522.906	37604.97	
523.112	37418.61	
523.319	37533.29	
523.526	37240.43	
523.733	37768.81	
523.939	37924.46	
524.146	38049.38	
524.353	37953.13	
524.559	38135.4	
524.766	38080.1	
524.973	38405.73	
525.179	38725.21	
525.386	38252.13	
525.592	38491.74	
525.799	38469.22	
526.006	38815.32	
526.212	38796.89	
526.419	38794.84	
526.625	39263.83	
526.832	39081.56	
527.038	39128.66	
527.245	39265.88	
527.451	39263.83	
527.658	39675.47	
527.864	39999.05	
528.07	40005.19	
528.277	39784.01	
528.483	39937.61	
528.69	40660.54	
528.896	40353.35	
529.102	40361.54	
529.309	40461.89	
529.515	41057.85	
529.721	40885.82	
529.928	41231.93	
530.134	41160.25	
530.34	41621.04	
530.546	41664.05	
530.753	41805.36	
530.959	41584.18	
531.165	41805.36	
531.371	42436.13	
531.578	41805.36	
531.784	42712.61	
531.99	42159.66	
532.196	42085.93	
532.402	42982.94	
532.608	42432.04	
532.814	42356.26	
533.02	42706.46	
533.227	43062.81	
533.433	43054.62	
533.639	42976.79	
533.845	42921.5	
534.051	43122.2	
534.257	43470.36	
534.463	43677.2	
534.669	43654.67	
534.875	43402.77	
535.081	44078.6	
535.286	44297.73	
535.492	44086.79	
535.698	44361.22	
535.904	44332.55	
536.11	44271.11	
536.316	44635.65	
536.522	44695.04	
536.728	44617.22	
536.933	44606.98	
537.139	44922.37	
537.345	45282.81	
537.551	45114.87	
537.757	44748.29	
537.962	45673.97	
538.168	44848.64	
538.374	45782.51	
538.579	45514.23	
538.785	45831.66	
538.991	45778.42	
539.196	46112.24	
539.402	45901.29	
539.608	46190.06	
539.813	46904.8	
540.019	46454.25	
540.225	46999.01	
540.43	46898.66	
540.636	47031.77	
540.841	46837.22	
541.047	46743.01	
541.252	46507.49	
541.458	46882.27	
541.663	47015.39	
541.869	47498.71	
542.074	47564.24	
542.28	47508.95	
542.485	47525.33	
542.691	47883.73	
542.896	47992.27	
543.101	47924.69	
543.307	47801.81	
543.512	47996.37	
543.718	48463.3	
543.923	48053.71	
544.128	48389.58	
544.333	48754.11	
544.539	48616.9	
544.744	48905.66	
544.949	48741.83	
545.155	48412.1	
545.36	48483.78	
545.565	48909.76	
545.77	48752.07	
545.975	48555.46	
546.181	48842.18	
546.386	48922.05	
546.591	49331.64	
546.796	48573.89	
547.001	48833.99	
547.206	49429.94	
547.411	49839.54	
547.617	49321.4	
547.822	49198.52	
548.027	49821.11	
548.232	49468.86	
548.437	49724.85	
548.642	49776.05	
548.847	49860.02	
549.052	49507.77	
549.257	49616.31	
549.462	49638.84	
549.667	49761.72	
549.871	50116.01	
550.076	50302.38	
550.281	49913.27	
550.486	50083.25	
550.691	50226.6	
550.896	50097.58	
551.101	49530.29	
551.306	50677.16	
551.51	50429.35	
551.715	49950.13	
551.92	50445.74	
552.125	50253.23	
552.329	50077.1	
552.534	50720.16	
552.739	50711.97	
552.944	50480.55	
553.148	50894.24	
553.353	50533.8	
553.558	50836.9	
553.762	50644.39	
553.967	50779.56	
554.172	50853.28	
554.376	50828.71	
554.581	50808.23	
554.785	50929.06	
554.99	51221.92	
555.195	50859.43	
555.399	50691.49	
555.604	50994.59	
555.808	50820.52	
556.013	51322.27	
556.217	50914.72	
556.422	50898.34	
556.626	51369.37	
556.83	51127.71	
557.035	51475.87	
557.239	50970.02	
557.444	51242.4	
557.648	50724.26	
557.852	51113.37	
558.057	50990.5	
558.261	51383.71	
558.465	51334.56	
558.67	51232.16	
558.874	50967.97	
559.078	51604.89	
559.283	51244.44	
559.487	51686.81	
559.691	51094.94	
559.895	51969.43	
560.1	52098.45	
560.304	51283.36	
560.508	51676.57	
560.712	51135.9	
560.916	51328.41	
561.12	50920.87	
561.325	51486.11	
561.529	51248.54	
561.733	51303.84	
561.937	51275.16	
562.141	51266.97	
562.345	51299.74	
562.549	51574.17	
562.753	51402.14	
562.957	51289.5	
563.161	51772.82	
563.365	51512.73	
563.569	51774.87	
563.773	51232.16	
563.977	51580.31	
564.181	51148.19	
564.385	51883.41	
564.589	51281.31	
564.792	51615.13	
564.996	50531.75	
565.2	51246.49	
565.404	50810.28	
565.608	51332.51	
565.812	51248.54	
566.015	51561.88	
566.219	51416.47	
566.423	51692.95	
566.627	51131.81	
566.83	51285.4	
567.034	51899.79	
567.238	51602.84	
567.442	51707.29	
567.645	51410.33	
567.849	51617.18	
568.053	51164.57	
568.256	51324.32	
568.46	51488.15	
568.663	50709.92	
568.867	50838.95	
569.071	51346.84	
569.274	51068.32	
569.478	50957.73	
569.681	51359.13	
569.885	50916.77	
570.088	51377.56	
570.292	51150.24	
570.495	51250.59	
570.699	50840.99	
570.902	50879.91	
571.106	50922.91	
571.309	51324.32	
571.512	51013.02	
571.716	50943.39	
571.919	50881.95	
572.122	50826.66	
572.326	50752.93	
572.529	50623.91	
572.732	50496.94	
572.936	50699.69	
573.139	50843.04	
573.342	50632.1	
573.546	50853.28	
573.749	51250.59	
573.952	50953.63	
574.155	50779.56	
574.358	50716.07	
574.562	51393.95	
574.765	50955.68	
574.968	50513.32	
575.171	51013.02	
575.374	50623.91	
575.577	51088.8	
575.78	50572.71	
575.983	50625.96	
576.187	50675.11	
576.39	50433.45	
576.593	50111.92	
576.796	50437.55	
576.999	50240.94	
577.202	50197.93	
577.405	50214.32	
577.608	50367.91	
577.811	49880.5	
578.014	50136.49	
578.216	49882.55	
578.419	50277.8	
578.622	50048.43	
578.825	49806.77	
579.028	49835.44	
579.231	49489.34	
579.434	49878.45	
579.636	49636.79	
579.839	49642.93	
580.042	50253.23	
580.245	49753.52	
580.448	50048.43	
580.65	50138.54	
580.853	49747.38	
581.056	49974.7	
581.259	49774	
581.461	49886.64	
581.664	50124.21	
581.867	49771.96	
582.069	50083.25	
582.272	50066.86	
582.474	50025.9	
582.677	49929.65	
582.88	49827.25	
583.082	49796.53	
583.285	50001.33	
583.487	49900.98	
583.69	49038.78	
583.892	49501.62	
584.095	49604.02	
584.297	49864.11	
584.5	49538.49	
584.702	49497.53	
584.905	49208.76	
585.107	48934.34	
585.31	49239.48	
585.512	49325.5	
585.714	49415.61	
585.917	49145.28	
586.119	49241.53	
586.321	49049.02	
586.524	49315.26	
586.726	49046.97	
586.928	48874.94	
587.131	48565.7	
587.333	49151.42	
587.535	49120.7	
587.737	49145.28	
587.94	48831.94	
588.142	48633.28	
588.344	49042.88	
588.546	48885.18	
588.748	48702.92	
588.95	48897.47	
589.153	48688.58	
589.355	48641.48	
589.557	48424.39	
589.759	49071.55	
589.961	48528.84	
590.163	49051.07	
590.365	48352.71	
590.567	48561.61	
590.769	48463.3	
590.971	48942.53	
591.173	48442.82	
591.375	48541.13	
591.577	48754.11	
591.779	48377.29	
591.981	48590.28	
592.183	48731.59	
592.385	48686.53	
592.587	48694.72	
592.788	48444.87	
592.99	48997.82	
593.192	48668.1	
593.394	48668.1	
593.596	48805.31	
593.798	48639.43	
593.999	48559.56	
594.201	48422.34	
594.403	48727.49	
594.605	48520.65	
594.806	48553.41	
595.008	49245.63	
595.21	49298.87	
595.411	48649.67	
595.613	49208.76	
595.815	48604.61	
596.016	49180.09	
596.218	49049.02	
596.42	48541.13	
596.621	48960.96	
596.823	49227.2	
597.024	49024.45	
597.226	49182.14	
597.427	49528.25	
597.629	49321.4	
597.83	49251.77	
598.032	49276.35	
598.233	49259.96	
598.435	49409.46	
598.636	49831.35	
598.838	49632.69	
599.039	49374.65	
599.24	49667.51	
599.442	49071.55	
599.643	49814.96	
599.844	49186.24	
600.046	49649.08	
600.247	49747.38	
600.448	49687.99	
600.65	49030.59	
600.851	49829.3	
601.052	49425.85	
601.253	49845.68	
601.455	50347.43	
601.656	49550.77	
601.857	49749.43	
602.058	49812.91	
602.26	49384.89	
602.461	50019.76	
602.662	50292.14	
602.863	50066.86	
603.064	49776.05	
603.265	50290.09	
603.466	50042.29	
603.667	50367.91	
603.868	50464.17	
604.069	50120.11	
604.27	50613.67	
604.471	50410.92	
604.672	50754.98	
604.873	50058.67	
605.074	50802.08	
605.275	50507.18	
605.476	50836.9	
605.677	50189.74	
605.878	50623.91	
606.079	50859.43	
606.28	50576.81	
606.481	50415.02	
606.682	50593.19	
606.882	50759.08	
607.083	50535.85	
607.284	50718.12	
607.485	50941.35	
607.686	50779.56	
607.886	51029.41	
608.087	50781.6	
608.288	50771.36	
608.488	51080.61	
608.689	51254.68	
608.89	51287.45	
609.091	51000.74	
609.291	51142.05	
609.492	51148.19	
609.692	51455.39	
609.893	51205.53	
610.094	51318.17	
610.294	51467.67	
610.495	50982.3	
610.695	51490.2	
610.896	51533.21	
611.096	50982.3	
611.297	50945.44	
611.497	50890.15	
611.698	51205.53	
611.898	51303.84	
612.099	51158.43	
612.299	51639.7	
612.5	51608.98	
612.7	51525.02	
612.9	51137.95	
613.101	51643.8	
613.301	51764.63	
613.501	51527.06	
613.702	51623.32	
613.902	52039.06	
614.102	51373.47	
614.303	51604.89	
614.503	51701.14	
614.703	52133.26	
614.903	51871.12	
615.104	51369.37	
615.304	52235.66	
615.504	52184.46	
615.704	51930.51	
615.904	51809.68	
616.104	52075.92	
616.305	52059.54	
616.505	51850.64	
616.705	52202.89	
616.905	51889.55	
617.105	52034.96	
617.305	51938.71	
617.505	51699.09	
617.705	52102.54	
617.905	52118.93	
618.105	52241.81	
618.305	52045.2	
618.505	52153.74	
618.705	52600.2	
618.905	51924.37	
619.105	52161.93	
619.305	52387.21	
619.504	52534.67	
619.704	52352.4	
619.904	52286.86	
620.104	52211.09	
620.304	52428.17	
620.504	52266.38	
620.704	52092.3	
620.903	52411.79	
621.103	51867.03	
621.303	52780.42	
621.503	52329.87	
621.702	51959.19	
621.902	52675.97	
622.102	52190.61	
622.301	52333.96	
622.501	52264.33	
622.701	52868.48	
622.9	52692.36	
623.1	52395.4	
623.299	52622.73	
623.499	52116.88	
623.699	52549	
623.898	52260.24	
624.098	52415.88	
624.297	52407.69	
624.497	52815.24	
624.696	52731.27	
624.896	52428.17	
625.095	52686.21	
625.295	52270.48	
625.494	52432.27	
625.694	52409.74	
625.893	52293	
626.092	51690.9	
626.292	51983.76	
626.491	52215.18	
626.69	52272.53	
626.89	52211.09	
627.089	52356.49	
627.288	51871.12	
627.488	51778.96	
627.687	51856.79	
627.886	51760.53	
628.085	52483.47	
628.285	52321.68	
628.484	52065.68	
628.683	52004.24	
628.882	52290.96	
629.081	52080.02	
629.28	51930.51	
629.48	52180.37	
629.679	51889.55	
629.878	51772.82	
630.077	51879.32	
630.276	51889.55	
630.475	52252.05	
630.674	52198.8	
630.873	51729.81	
631.072	52096.4	
631.271	51846.55	
631.47	52104.59	
631.669	52098.45	
631.868	51985.81	
632.067	51510.68	
632.266	52010.39	
632.465	51658.13	
632.664	51889.55	
632.863	52278.67	
633.061	52217.23	
633.26	52006.29	
633.459	51209.63	
633.658	52385.16	
633.857	51840.4	
634.055	51848.6	
634.254	51910.03	
634.453	51651.99	
634.652	52184.46	
634.85	52102.54	
635.049	52215.18	
635.248	51752.34	
635.446	51629.46	
635.645	51576.22	
635.844	51357.08	
636.042	51400.09	
636.241	51778.96	
636.44	51688.85	
636.638	51647.89	
636.837	51232.16	
637.035	51608.98	
637.234	51570.07	
637.432	51707.29	
637.631	51129.76	
637.829	51799.44	
638.028	51328.41	
638.226	51291.55	
638.425	51453.34	
638.623	51017.12	
638.822	51406.23	
639.02	51121.57	
639.218	51838.36	
639.417	50697.64	
639.615	51301.79	
639.813	51377.56	
640.012	51482.01	
640.21	51115.42	
640.408	50765.22	
640.607	50632.1	
640.805	51008.93	
641.003	50849.19	
641.201	50949.54	
641.4	50496.94	
641.598	50705.83	
641.796	50535.85	
641.994	50476.46	
642.192	50943.39	
642.391	50779.56	
642.589	50191.79	
642.787	50515.37	
642.985	50460.07	
643.183	50202.03	
643.381	49894.83	
643.579	50355.63	
643.777	50347.43	
643.975	50531.75	
644.173	49874.35	
644.371	50318.76	
644.569	50367.91	
644.767	50103.73	
644.965	50064.81	
645.163	49919.41	
645.361	49706.42	
645.559	49690.04	
645.757	49819.06	
645.954	49966.51	
646.152	50048.43	
646.35	49481.14	
646.548	49708.47	
646.746	49315.26	
646.944	49542.58	
647.141	49882.55	
647.339	49800.63	
647.537	49536.44	
647.735	49184.19	
647.932	49507.77	
648.13	49704.37	
648.328	49268.15	
648.525	49360.31	
648.723	49587.64	
648.921	49147.32	
649.118	49178.04	
649.316	49270.2	
649.513	49634.74	
649.711	49180.09	
649.908	49685.94	
650.106	49550.77	
650.304	49087.93	
650.501	50089.39	
650.699	49298.87	
650.896	49360.31	
651.094	49294.78	
651.291	49470.9	
651.488	49524.15	
651.686	49442.23	
651.883	48584.13	
652.081	49100.22	
652.278	49143.23	
652.475	48913.86	
652.673	48682.44	
652.87	49280.44	
653.067	49003.97	
653.265	49171.9	
653.462	48739.78	
653.659	49286.59	
653.856	48956.86	
654.054	49063.36	
654.251	48715.2	
654.448	48967.1	
654.645	49321.4	
654.842	48332.23	
655.04	49051.07	
655.237	49155.52	
655.434	49132.99	
655.631	49038.78	
655.828	48422.34	
656.025	49167.8	
656.222	49106.37	
656.419	49122.75	
656.616	48664	
656.813	48754.11	
657.01	49077.69	
657.207	49159.61	
657.404	48889.28	
657.601	49055.17	
657.798	48874.94	
657.995	49051.07	
658.192	49151.42	
658.389	48862.66	
658.586	48764.35	
658.783	48801.22	
658.979	48514.5	
659.176	48793.03	
659.373	49038.78	
659.57	49044.93	
659.767	48682.44	
659.963	49059.26	
660.16	49067.45	
660.357	49149.37	
660.554	49321.4	
660.75	48653.76	
660.947	48707.01	
661.144	49151.42	
661.34	49251.77	
661.537	49581.49	
661.734	49548.73	
661.93	49440.18	
662.127	48905.66	
662.323	49393.08	
662.52	49182.14	
662.717	49470.9	
662.913	49270.2	
663.11	49511.86	
663.306	49878.45	
663.503	49683.89	
663.699	49255.87	
663.896	50128.3	
664.092	49425.85	
664.288	49909.17	
664.485	49714.61	
664.681	49597.88	
664.878	49911.22	
665.074	50257.32	
665.27	49937.84	
665.467	49964.46	
665.663	49927.6	
665.859	49870.26	
666.056	49905.07	
666.252	50046.38	
666.448	50062.77	
666.644	50333.1	
666.841	49866.16	
667.037	49999.28	
667.233	50400.68	
667.429	50476.46	
667.625	50255.28	
667.821	50748.84	
668.018	49782.2	
668.214	51092.9	
668.41	50486.7	
668.606	50804.13	
668.802	51099.04	
668.998	50765.22	
669.194	50240.94	
669.39	50722.21	
669.586	50935.2	
669.782	50638.25	
669.978	50695.59	
670.174	51676.57	
670.37	51230.11	
670.566	51254.68	
670.762	51393.95	
670.958	50683.3	
671.154	51021.22	
671.349	51680.66	
671.545	51715.48	
671.741	51887.51	
671.937	52135.31	
672.133	52186.51	
672.329	52139.41	
672.524	52262.29	
672.72	51547.54	
672.916	52530.57	
673.112	51998.1	
673.307	52952.45	
673.503	52499.85	
673.699	52614.54	
673.894	52776.33	
674.09	52852.1	
674.286	52612.49	
674.481	53020.03	
674.677	52786.57	
674.872	53159.3	
675.068	53009.79	
675.263	53919.09	
675.459	53626.23	
675.655	53833.08	
675.85	53493.11	
676.046	53243.26	
676.241	53482.87	
676.436	53431.68	
676.632	53808.5	
676.827	53816.69	
677.023	54019.44	
677.218	53953.91	
677.414	54009.2	
677.609	54693.22	
677.804	54228.34	
678	54844.77	
678.195	54361.45	
678.39	55283.04	
678.585	55192.93	
678.781	54410.6	
678.976	54941.03	
679.171	54850.92	
679.366	55207.26	
679.562	54562.15	
679.757	55143.78	
679.952	54650.22	
680.147	54715.75	
680.342	55311.71	
680.537	55049.57	
680.733	55371.1	
680.928	55299.42	
681.123	55450.97	
681.318	55455.07	
681.513	55887.19	
681.708	55600.47	
681.903	56091.99	
682.098	56053.08	
682.293	55651.67	
682.488	56026.45	
682.683	55948.63	
682.878	55696.73	
683.073	56120.66	
683.268	56378.7	
683.462	56167.76	
683.657	56124.75	
683.852	56401.23	
684.047	56051.03	
684.242	56800.58	
684.437	56454.48	
684.631	57191.75	
684.826	56726.86	
685.021	57288	
685.216	57029.96	
685.411	57019.72	
685.605	56673.61	
685.8	57263.42	
685.995	57085.25	
686.189	57638.2	
686.384	57668.92	
686.579	57505.09	
686.773	58035.51	
686.968	57834.81	
687.162	57640.25	
687.357	57371.97	
687.552	57945.4	
687.746	57740.6	
687.941	57718.07	
688.135	58318.13	
688.33	57826.62	
688.524	58019.13	
688.719	58637.61	
688.913	58340.66	
689.107	58654	
689.302	58809.64	
689.496	58295.6	
689.691	58776.87	
689.885	58785.07	
690.079	58684.72	
690.274	59030.82	
690.468	58740.01	
690.662	58866.98	
690.857	58983.72	
691.051	59225.38	
691.245	58936.62	
691.439	59120.93	
691.634	58979.62	
691.828	59051.3	
692.022	58625.32	
692.216	59075.88	
692.41	59426.08	
692.604	59198.76	
692.799	58903.85	
692.993	58492.21	
693.187	59079.97	
693.381	59168.04	
693.575	59450.66	
693.769	59409.7	
693.963	59188.52	
694.157	59669.79	
694.351	59487.52	
694.545	59092.26	
694.739	59428.13	
694.933	59413.79	
695.127	59512.09	
695.321	59503.9	
695.515	59757.85	
695.709	59399.46	
695.903	59319.59	
696.096	59786.52	
696.29	59309.35	
696.484	59424.03	
696.678	59647.26	
696.872	59821.34	
697.065	59596.06	
697.259	59282.72	
697.453	59544.86	
697.647	59809.05	
697.84	59501.85	
698.034	59970.84	
698.228	59524.38	
698.421	59821.34	
698.615	59905.3	
698.809	59432.22	
699.002	59157.8	
699.196	59489.57	
699.39	58985.77	
699.583	59329.83	
699.777	59325.73	
699.97	59383.07	
700.164	59084.07	
700.357	59364.64	
700.551	58608.94	
700.744	58938.66	
700.938	59630.88	
701.131	59200.8	
701.325	59237.67	
701.518	59159.84	
701.711	59098.4	
701.905	59204.9	
702.098	58797.35	
702.291	59280.67	
702.485	59378.98	
702.678	59014.44	
702.871	59018.53	
703.065	59182.37	
703.258	59043.11	
703.451	59008.29	
703.644	59485.47	
703.838	59051.3	
704.031	58897.7	
704.224	58891.56	
704.417	58748.2	
704.61	58996.01	
704.804	59272.48	
704.997	58721.58	
705.19	58914.09	
705.383	58420.53	
705.576	58236.21	
705.769	58131.76	
705.962	58545.45	
706.155	58592.56	
706.348	58524.97	
706.541	58223.92	
706.734	58271.03	
706.927	58697	
707.12	58111.28	
707.313	58004.79	
707.506	57976.12	
707.699	57830.71	
707.892	58115.38	
708.084	57980.21	
708.277	57496.89	
708.47	57161.03	
708.663	57709.88	
708.856	56728.91	
709.049	57451.84	
709.241	57232.71	
709.434	57595.2	
709.627	56606.03	
709.82	57005.38	
710.012	57146.69	
710.205	56216.91	
710.398	56849.74	
710.59	56431.95	
710.783	56997.19	
710.976	56593.74	
711.168	56675.66	
711.361	56268.11	
711.553	56307.02	
711.746	56257.87	
711.938	56270.16	
712.131	56319.31	
712.323	55993.68	
712.516	55709.02	
712.708	55403.87	
712.901	55844.18	
713.093	55176.54	
713.286	55530.84	
713.478	55473.5	
713.671	55989.59	
713.863	55604.57	
714.055	55280.99	
714.248	54723.94	
714.44	54568.3	
714.632	54977.89	
714.825	54809.96	
715.017	54824.29	
715.209	54490.48	
715.401	54637.93	
715.594	54371.69	
715.786	54021.49	
715.978	54334.83	
716.17	53837.17	
716.362	53996.91	
716.555	53431.68	
716.747	53290.37	
716.939	53484.92	
717.131	53364.09	
717.323	53661.05	
717.515	52917.64	
717.707	52983.17	
717.899	52913.54	
718.091	52747.65	
718.283	52518.28	
718.475	52628.87	
718.667	52528.52	
718.859	52325.77	
719.051	52059.54	
719.243	52151.69	
719.435	52104.59	
719.627	52059.54	
719.819	51850.64	
720.011	52098.45	
720.203	51543.45	
720.394	50746.79	
720.586	51674.52	
720.778	50900.39	
720.97	51365.27	
721.162	51176.86	
721.353	50984.35	
721.545	50922.91	
721.737	50902.43	
721.928	50922.91	
722.12	50263.47	
722.312	50361.77	
722.503	50582.95	
722.695	50310.57	
722.887	50832.8	
723.078	50267.56	
723.27	50075.05	
723.461	50427.31	
723.653	49755.57	
723.845	49696.18	
724.036	49538.49	
724.228	49544.63	
724.419	49401.27	
724.611	49577.4	
724.802	48811.46	
724.993	48999.87	
725.185	48764.35	
725.376	48616.9	
725.568	48565.7	
725.759	48152.01	
725.95	47996.37	
726.142	48158.16	
726.333	47982.03	
726.524	47713.75	
726.716	47484.37	
726.907	47408.6	
727.098	46986.72	
727.29	46931.42	
727.481	47255	
727.672	46767.59	
727.863	46949.85	
728.054	46585.32	
728.246	46482.92	
728.437	45590	
728.628	46104.04	
728.819	45278.71	
729.01	46466.53	
729.201	45770.22	
729.392	45884.91	
729.583	45379.06	
729.774	45813.23	
729.965	45583.86	
730.156	45075.96	
730.347	45305.34	
730.538	44664.32	
730.729	45090.3	
730.92	44912.13	
731.111	44682.75	
731.302	44496.39	
731.493	44148.23	
731.684	44109.32	
731.875	44062.22	
732.065	43324.95	
732.256	43654.67	
732.447	43445.78	
732.638	43118.1	
732.829	43224.6	
733.019	42878.49	
733.21	42630.69	
733.401	42890.78	
733.591	42645.02	
733.782	41842.22	
733.973	42479.14	
734.164	41700.91	
734.354	42100.26	
734.545	41535.02	
734.735	41678.38	
734.926	41512.5	
735.117	41492.02	
735.307	41846.32	
735.498	40990.27	
735.688	40883.77	
735.879	41168.44	
736.069	40613.44	
736.26	40310.34	
736.45	40218.18	
736.641	39913.03	
736.831	40109.64	
737.021	40169.03	
737.212	39310.93	
737.402	39497.3	
737.593	39546.45	
737.783	38927.96	
737.973	38893.15	
738.164	38981.21	
738.354	38311.52	
738.544	38678.11	
738.734	38477.41	
738.925	38301.28	
739.115	38491.74	
739.305	37793.39	
739.495	38278.75	
739.685	38069.86	
739.876	37625.45	
740.066	37619.31	
740.256	37256.82	
740.446	37357.17	
740.636	36656.76	
740.826	36777.59	
741.016	36824.7	
741.206	36730.49	
741.396	36574.84	
741.586	36355.71	
741.776	36337.28	
741.966	35878.54	
742.156	36021.89	
742.346	35552.91	
742.536	35753.61	
742.726	35509.9	
742.916	35765.9	
743.106	35860.1	
743.296	35131.03	
743.486	35286.67	
743.675	34754.2	
743.865	34778.78	
744.055	34760.34	
744.245	34651.8	
744.435	34317.98	
744.624	34520.73	
744.814	34346.65	
745.004	34094.75	
745.194	34072.23	
745.383	33924.77	
745.573	33756.84	
745.763	33228.46	
745.952	33400.49	
746.142	32857.78	
746.331	33207.98	
746.521	32200.38	
746.711	32763.57	
746.9	32423.61	
747.09	32458.43	
747.279	32155.33	
747.469	32155.33	
747.658	32253.63	
747.848	31688.39	
748.037	31536.84	
748.227	31493.83	
748.416	31166.16	
748.605	31141.58	
748.795	31370.96	
748.984	30942.93	
749.173	30815.96	
749.363	30775	
749.552	31088.34	
749.741	30553.82	
749.931	30381.79	
750.12	30334.68	
750.309	30600.92	
750.499	30064.35	
750.688	30254.81	
750.877	30060.26	
751.066	29857.51	
751.255	29507.3	
751.444	29275.88	
751.634	29251.31	
751.823	29314.8	
752.012	28995.31	
752.201	29351.66	
752.39	28743.41	
752.579	28718.84	
752.768	28581.62	
752.957	28483.32	
753.146	28253.95	
753.335	28301.05	
753.524	28165.88	
753.713	27830.02	
753.902	27891.46	
754.091	27586.31	
754.28	27791.11	
754.469	27346.7	
754.658	27367.18	
754.846	27283.21	
755.035	27307.79	
755.224	26814.23	
755.413	26634	
755.602	26584.85	
755.79	26537.75	
755.979	26562.33	
756.168	26173.21	
756.357	26378.01	
756.545	25769.76	
756.734	26113.82	
756.923	25513.77	
757.111	25384.74	
757.3	25360.17	
757.489	25284.39	
757.677	25351.98	
757.866	25292.58	
758.054	25077.55	
758.243	25016.11	
758.432	24901.42	
758.62	24520.5	
758.809	24565.56	
758.997	24262.46	
759.186	24231.74	
759.374	24098.62	
759.562	23910.21	
759.751	23729.98	
759.939	23779.14	
760.128	23826.24	
760.316	23453.51	
760.504	23437.13	
760.693	23154.51	
760.881	23148.36	
761.069	23002.96	
761.258	22804.3	
761.446	22656.85	
761.634	22814.54	
761.822	22716.24	
762.011	22515.54	
762.199	22390.61	
762.387	22380.37	
762.575	22237.02	
762.763	22044.51	
762.951	22253.4	
763.14	22026.07	
763.328	21907.29	
763.516	21657.44	
763.704	21782.37	
763.892	21632.86	
764.08	21159.78	
764.268	21385.06	
764.456	21356.39	
764.644	21151.59	
764.832	21124.97	
765.02	21112.68	
765.208	20762.48	
765.396	20608.88	
765.584	20612.98	
765.772	20785.01	
765.959	20799.34	
766.147	20592.5	
766.335	20406.13	
766.523	20172.66	
766.711	19644.29	
766.899	19924.86	
767.086	19945.34	
767.274	19738.49	
767.462	19611.52	
767.65	19402.63	
767.837	19120.01	
768.025	19210.12	
768.213	19203.97	
768.4	19251.08	
768.588	18859.91	
768.775	18902.92	
768.963	18642.83	
769.151	18667.41	
769.338	18624.4	
769.526	18487.18	
769.713	18046.87	
769.901	18333.59	
770.088	18075.54	
770.276	18229.14	
770.463	18046.87	
770.651	17702.81	
770.838	17389.47	
771.026	18005.91	
771.213	17567.65	
771.4	17412	
771.588	17170.34	
771.775	17264.55	
771.962	17213.35	
772.15	17031.08	
772.337	17018.79	
772.524	16832.43	
772.712	16732.08	
772.899	16826.28	
773.086	16621.49	
773.273	16558	
773.46	16314.29	
773.648	16566.19	
773.835	16142.26	
774.022	16215.99	
774.209	16422.83	
774.396	16113.59	
774.583	16156.6	
774.77	15910.84	
774.957	16097.21	
775.144	15716.28	
775.332	15712.19	
775.519	15753.15	
775.706	15495.1	
775.892	15349.7	
776.079	15251.39	
776.266	15019.97	
776.453	15077.32	
776.64	15019.97	
776.827	14903.24	
777.014	14870.47	
777.201	14964.68	
777.388	14862.28	
777.575	14727.11	
777.761	14622.67	
777.948	14399.44	
778.135	14342.1	
778.322	14192.59	
778.508	14129.11	
778.695	14229.46	
778.882	13926.36	
779.069	13832.15	
779.255	13809.62	
779.442	13520.86	
779.628	13672.41	
779.815	13240.29	
780.002	13758.42	
780.188	13391.84	
780.375	13252.58	
780.561	13291.49	
780.748	13051.88	
780.934	12992.48	
781.121	12959.72	
781.307	12877.8	
781.494	12550.12	
781.68	12904.42	
781.867	12621.8	
782.053	12601.32	
782.24	12609.51	
782.426	12287.98	
782.612	12322.8	
782.799	12369.9	
782.985	12189.68	
783.171	12478.44	
783.358	12007.41	
783.544	11849.72	
783.73	12195.82	
783.917	11839.48	
784.103	11753.46	
784.289	11718.65	
784.475	11952.12	
784.661	11788.28	
784.847	11859.96	
785.034	11769.85	
785.22	11640.83	
785.406	11626.49	
785.592	11468.8	
785.778	11440.12	
785.964	11581.43	
786.15	11413.5	
786.336	11292.67	
786.522	11288.57	
786.708	11436.03	
786.894	11352.06	
787.08	11456.51	
787.266	11204.61	
787.452	11261.95	
787.638	11304.96	
787.824	11186.18	
788.01	11321.34	
788.196	11210.75	
788.381	11124.74	
788.567	11059.2	
788.753	11048.96	
788.939	10684.42	
789.125	10874.88	
789.31	10967.04	
789.496	10936.32	
789.682	10797.06	
789.867	10844.17	
790.053	10694.66	
790.239	10688.52	
790.424	10721.29	
790.61	10502.15	
790.796	10512.39	
790.981	10721.29	
791.167	10633.22	
791.352	10563.59	
791.538	10457.1	
791.724	10252.3	
791.909	10328.08	
792.095	10485.77	
792.28	10381.32	
792.466	10475.53	
792.651	10315.79	
792.836	10180.62	
793.022	10147.86	
793.207	10127.38	
793.393	10233.87	
793.578	10217.49	
793.763	10219.53	
793.949	10158.1	
794.134	10199.06	
794.319	10004.5	
794.504	10016.79	
794.69	9949.2	
794.875	9941.01	
795.06	10078.22	
795.245	9791.51	
795.431	9838.61	
795.616	9850.9	
795.801	9674.78	
795.986	9758.74	
796.171	9650.2	
796.356	9680.92	
796.541	9611.29	
796.726	9791.51	
796.912	9523.23	
797.097	9375.77	
797.282	9295.9	
797.467	9285.66	
797.652	9185.31	
797.837	9406.49	
798.021	9324.57	
798.206	9340.96	
798.391	9132.06	
798.576	9281.57	
798.761	8990.75	
798.946	8935.46	
799.131	8880.16	
799.316	9228.32	
799.5	8945.7	
799.685	9093.15	
799.87	8863.78	
800.055	8671.27	
800.24	8769.57	
800.424	8763.43	
800.609	8507.43	
800.794	8435.75	
800.978	8523.82	
801.163	8435.75	
801.348	8562.73	
801.532	8622.12	
801.717	8415.27	
801.901	8394.79	
802.086	8394.79	
802.271	8108.08	
802.455	8210.48	
802.64	8280.11	
802.824	8284.2	
803.009	7862.32	
803.193	8114.22	
803.378	7997.49	
803.562	8038.45	
803.746	7817.27	
803.931	7987.25	
804.115	7843.89	
804.3	7972.91	
804.484	7725.11	
804.668	7770.16	
804.852	7632.95	
805.037	7530.55	
805.221	7508.02	
805.405	7512.12	
805.59	7587.89	
805.774	7567.42	
805.958	7491.64	
806.142	7331.9	
806.326	7368.76	
806.511	7467.06	
806.695	7313.47	
806.879	7030.85	
807.063	7194.68	
807.247	7186.49	
807.431	6873.15	
807.615	6955.07	
807.799	7157.82	
807.983	7102.53	
808.167	7010.37	
808.351	6971.46	
808.535	7002.18	
808.719	6993.98	
808.903	6735.94	
809.087	6686.79	
809.271	6903.87	
809.455	6709.32	
809.639	6535.24	
809.822	6807.62	
810.006	6666.31	
810.19	6506.57	
810.374	6592.58	
810.558	6348.87	
810.741	6514.76	
810.925	6352.97	
811.109	6475.85	
811.293	6326.35	
811.476	6201.42	
811.66	6271.05	
811.844	6453.32	
812.027	6154.32	
812.211	6025.29	
812.394	6256.72	
812.578	6287.43	
812.762	5957.71	
812.945	6043.73	
813.129	5986.38	
813.312	5980.24	
813.496	5802.07	
813.679	5797.97	
813.863	5810.26	
814.046	5720.15	
814.229	5795.92	
814.413	5615.7	
814.596	5709.91	
814.78	5699.67	
814.963	5652.56	
815.146	5636.18	
815.33	5476.44	
815.513	5439.58	
815.696	5458.01	
815.88	5511.25	
816.063	5431.38	
816.246	5472.34	
816.429	5245.02	
816.612	5279.83	
816.796	5343.32	
816.979	5290.07	
817.162	5210.2	
817.345	5154.91	
817.528	5009.5	
817.711	5167.2	
817.894	5156.96	
818.077	5032.03	
818.26	5032.03	
818.444	4847.71	
818.627	5052.51	
818.81	5070.94	
818.993	4927.58	
819.175	4896.86	
819.358	4687.97	
819.541	4884.58	
819.724	4886.62	
819.907	4667.49	
820.09	4618.34	
820.273	4692.07	
820.456	4624.48	
820.639	4825.19	
820.821	4634.72	
821.004	4690.02	
821.187	4450.41	
821.37	4444.26	
821.552	4368.49	
821.735	4440.17	
821.918	4345.96	
822.1	4481.13	
822.283	4200.55	
822.466	4376.68	
822.648	4403.3	
822.831	4446.31	
823.014	4309.1	
823.196	4161.64	
823.379	4241.51	
823.561	4075.63	
823.744	4151.4	
823.926	4165.74	
824.109	4130.92	
824.291	3958.89	
824.474	4132.97	
824.656	4026.48	
824.839	3987.57	
825.021	3950.7	
825.203	3954.8	
825.386	4044.91	
825.568	3960.94	
825.75	3864.69	
825.933	3799.15	
826.115	3793.01	
826.297	3852.4	
826.479	3905.65	
826.662	3911.79	
826.844	3795.06	
827.026	3704.95	
827.208	3700.85	
827.39	3706.99	
827.573	3686.51	
827.755	3790.96	
827.937	3539.06	
828.119	3672.18	
828.301	3475.57	
828.483	3496.05	
828.665	3565.68	
828.847	3496.05	
829.029	3451	
829.211	3461.24	
829.393	3442.81	
829.575	3313.78	
829.757	3393.65	
829.939	3297.4	
830.121	3438.71	
830.303	3242.11	
830.485	3364.98	
830.667	3410.04	
830.848	3176.57	
831.03	3201.15	
831.212	3186.81	
831.394	3209.34	
831.576	3188.86	
831.757	3061.88	
831.939	3156.09	
832.121	3078.27	
832.302	3117.18	
832.484	3072.12	
832.666	3166.33	
832.847	3053.69	
833.029	2947.2	
833.211	2900.09	
833.392	2885.76	
833.574	2834.56	
833.755	2826.37	
833.937	3022.97	
834.118	3006.59	
834.3	2889.85	
834.481	2867.33	
834.663	2832.51	
834.844	2709.63	
835.026	2758.78	
835.207	2824.32	
835.389	2916.48	
835.57	2793.6	
835.751	2717.83	
835.933	2734.21	
836.114	2773.12	
836.295	2695.3	
836.477	2809.98	
836.658	2713.73	
836.839	2513.03	
837.02	2705.54	
837.202	2545.8	
837.383	2594.95	
837.564	2597	
837.745	2484.36	
837.926	2439.3	
838.107	2535.56	
838.289	2539.65	
838.47	2392.2	
838.651	2437.25	
838.832	2551.94	
839.013	2424.97	
839.194	2347.14	
839.375	2494.6	
839.556	2371.72	
839.737	2177.16	
839.918	2400.39	
840.099	2386.05	
840.28	2300.04	
840.461	2332.81	
840.641	2420.87	
840.822	2332.81	
841.003	2259.08	
841.184	2162.83	
841.365	2205.83	
841.546	2068.62	
841.726	2330.76	
841.907	2132.11	
842.088	2181.26	
842.269	2125.96	
842.449	2191.5	
842.63	2037.9	
842.811	2101.39	
842.991	2078.86	
843.172	2066.57	
843.353	2111.63	
843.533	2042	
843.714	2168.97	
843.894	2048.14	
844.075	1910.93	
844.255	1996.94	
844.436	2007.18	
844.616	1958.03	
844.797	1939.6	
844.977	1867.92	
845.158	1896.59	
845.338	2025.61	
845.519	1966.22	
845.699	1921.17	
845.879	1874.06	
846.06	1812.62	
846.24	1898.64	
846.42	1851.53	
846.601	1890.45	
846.781	1724.56	
846.961	1689.74	
847.141	1665.17	
847.322	1722.51	
847.502	1714.32	
847.682	1747.09	
847.862	1720.46	
848.042	1613.97	
848.223	1650.83	
848.403	1665.17	
848.583	1659.03	
848.763	1648.79	
848.943	1618.07	
849.123	1638.55	
849.303	1484.95	
849.483	1478.8	
849.663	1556.63	
849.843	1515.67	
850.023	1548.44	
850.203	1513.62	
850.383	1591.44	
850.563	1530	
850.743	1618.07	
850.922	1521.81	
851.102	1566.87	
851.282	1460.37	
851.462	1507.48	
851.642	1515.67	
851.822	1417.37	
852.001	1466.52	
852.181	1300.63	
852.361	1454.23	
852.54	1329.3	
852.72	1507.48	
852.9	1372.31	
853.079	1413.27	
853.259	1476.76	
853.439	1296.53	
853.618	1403.03	
853.798	1245.34	
853.977	1339.54	
854.157	1417.37	
854.337	1280.15	
854.516	1329.3	
854.696	1327.25	
854.875	1226.9	
855.055	1214.62	
855.234	1306.77	
855.413	1255.58	
855.593	1228.95	
855.772	1306.77	
855.952	1153.18	
856.131	1306.77	
856.31	1257.62	
856.49	1181.85	
856.669	1198.23	
856.848	1063.07	
857.027	1112.22	
857.207	1228.95	
857.386	1093.79	
857.565	1153.18	
857.744	1034.39	
857.923	1249.43	
858.103	1175.7	
858.282	1108.12	
858.461	983.2	
858.64	1124.51	
858.819	985.24	
858.998	962.72	
859.177	1091.74	
859.356	1077.4	
859.535	1151.13	
859.714	1013.92	
859.893	1044.63	
860.072	1003.68	
860.251	1024.16	
860.43	944.28	
860.609	944.28	
860.788	1067.16	
860.967	1130.65	
861.145	1038.49	
861.324	1056.92	
861.503	1065.11	
861.682	966.81	
861.861	958.62	
862.039	893.09	
862.218	950.43	
862.397	874.65	
862.576	989.34	
862.754	956.57	
862.933	868.51	
863.112	843.93	
863.29	860.32	
863.469	934.04	
863.647	743.58	
863.826	884.89	
864.005	852.13	
864.183	839.84	
864.362	882.85	
864.54	848.03	
864.719	874.65	
864.897	807.07	
865.076	905.37	
865.254	1335.45	
865.432	841.89	
865.611	811.17	
865.789	811.17	
865.968	819.36	
866.146	766.11	
866.324	755.87	
866.503	671.9	
866.681	751.78	
866.859	766.11	
867.037	708.77	
867.216	757.92	
867.394	659.62	
867.572	673.95	
867.75	784.54	
867.928	737.44	
868.107	796.83	
868.285	657.57	
868.463	645.28	
868.641	733.34	
868.819	729.25	
868.997	731.3	
869.175	684.19	
869.353	632.99	
869.531	620.71	
869.709	632.99	
869.887	772.25	
870.065	561.31	
870.243	688.29	
870.421	643.23	
870.599	596.13	
870.777	540.83	
870.954	620.71	
871.132	680.1	
871.31	673.95	
871.488	684.19	
871.666	600.23	
871.843	600.23	
872.021	635.04	
872.199	579.75	
872.377	542.88	
872.554	518.31	
872.732	620.71	
872.91	532.64	
873.087	493.73	
873.265	532.64	
873.442	524.45	
873.62	530.59	
873.798	553.12	
873.975	524.45	
874.153	571.55	
874.33	612.51	
874.508	542.88	
874.685	635.04	
874.863	430.24	
875.04	510.11	
875.217	458.92	
875.395	463.01	
875.572	493.73	
875.75	561.31	
875.927	434.34	
876.104	456.87	
876.282	571.55	
876.459	538.79	
876.636	432.29	
876.813	487.59	
876.991	475.3	
877.168	503.97	
877.345	401.57	
877.522	456.87	
877.699	508.07	
877.877	458.92	
878.054	381.09	
878.231	475.3	
878.408	356.52	
878.585	485.54	
878.762	391.33	
878.939	377	
879.116	465.06	
879.293	329.89	
879.47	436.39	
879.647	417.96	
879.824	299.17	
880.001	368.81	
880.178	346.28	
880.355	372.9	
880.532	463.01	
880.709	372.9	
880.885	342.18	
881.062	473.25	
881.239	387.24	
881.416	303.27	
881.593	270.5	
881.769	387.24	
881.946	280.74	
882.123	436.39	
882.299	428.2	
882.476	284.84	
882.653	372.9	
882.829	377	
883.006	231.59	
883.183	295.08	
883.359	317.61	
883.536	336.04	
883.712	329.89	
883.889	237.74	
884.065	383.14	
884.242	278.69	
884.418	377	
884.595	342.18	
884.771	211.11	
884.948	278.69	
885.124	227.5	
885.3	424.1	
885.477	256.17	
885.653	254.12	
885.829	305.32	
886.006	225.45	
886.182	219.3	
886.358	241.83	
886.535	297.13	
886.711	252.07	
886.887	340.13	
887.063	284.84	
887.239	258.21	
887.416	264.36	
887.592	327.85	
887.768	342.18	
887.944	192.68	
888.12	266.41	
888.296	235.69	
888.472	176.3	
888.648	194.73	
888.824	274.6	
889	223.4	
889.176	346.28	
889.352	280.74	
889.528	215.21	
889.704	198.82	
889.88	268.45	
890.056	301.22	
890.232	202.92	
890.408	190.63	
890.583	313.51	
890.759	233.64	
890.935	307.37	
891.111	239.78	
891.286	268.45	
891.462	268.45	
891.638	272.55	
891.814	219.3	
891.989	262.31	
892.165	202.92	
892.341	319.65	
892.516	272.55	
892.692	264.36	
892.867	235.69	
893.043	280.74	
893.219	149.67	
893.394	223.4	
893.57	297.13	
893.745	182.44	
893.921	225.45	
894.096	243.88	
894.272	229.54	
894.447	145.58	
894.622	258.21	
894.798	239.78	
894.973	225.45	
895.149	235.69	
895.324	73.9	
895.499	192.68	
895.674	221.35	
895.85	239.78	
896.025	313.51	
896.2	164.01	
896.375	192.68	
896.551	295.08	
896.726	176.3	
896.901	202.92	
897.076	157.86	
897.251	241.83	
897.426	264.36	
897.602	264.36	
897.777	239.78	
897.952	180.39	
898.127	168.1	
898.302	184.49	
898.477	116.9	
898.652	149.67	
898.827	213.16	
899.002	315.56	
899.177	116.9	
899.352	204.97	
899.526	190.63	
899.701	141.48	
899.876	207.02	
900.051	209.06	
900.226	135.34	
900.401	243.88	
900.575	219.3	
900.75	149.67	
900.925	211.11	
901.1	213.16	
901.274	139.43	
901.449	223.4	
901.624	161.96	
901.798	221.35	
901.973	184.49	
902.148	149.67	
902.322	194.73	
902.497	192.68	
902.671	204.97	
902.846	121	
903.02	159.91	
903.195	176.3	
903.369	178.34	
903.544	161.96	
903.718	69.8	
903.893	278.69	
904.067	233.64	
904.242	252.07	
904.416	235.69	
904.59	227.5	
904.765	116.9	
904.939	211.11	
905.113	166.06	
905.287	110.76	
905.462	223.4	
905.636	196.78	
905.81	178.34	
905.984	252.07	
906.159	147.62	
906.333	340.13	
906.507	303.27	
906.681	143.53	
906.855	178.34	
907.029	139.43	
907.203	123.05	
907.377	272.55	
907.551	164.01	
907.725	190.63	
907.899	75.95	
908.073	217.26	
908.247	182.44	
908.421	147.62	
908.595	182.44	
908.769	200.87	
908.943	147.62	
909.117	174.25	
909.291	188.58	
909.465	139.43	
909.638	196.78	
909.812	145.58	
909.986	123.05	
910.16	139.43	
910.334	145.58	
910.507	100.52	
910.681	80.04	
910.855	219.3	
911.028	133.29	
911.202	229.54	
911.376	129.19	
911.549	63.66	
911.723	254.12	
911.896	221.35	
912.07	151.72	
912.243	172.2	
912.417	192.68	
912.591	180.39	
912.764	196.78	
912.937	131.24	
913.111	51.37	
913.284	157.86	
913.458	149.67	
913.631	204.97	
913.804	90.28	
913.978	143.53	
914.151	272.55	
914.324	161.96	
914.498	67.75	
914.671	204.97	
914.844	61.61	
915.018	141.48	
915.191	153.77	
915.364	256.17	
915.537	104.62	
915.71	252.07	
915.883	250.02	
916.057	151.72	
916.23	145.58	
916.403	77.99	
916.576	51.37	
916.749	143.53	
916.922	176.3	
917.095	137.38	
917.268	114.86	
917.441	237.74	
917.614	168.1	
917.787	268.45	
917.96	170.15	
918.133	125.1	
918.306	198.82	
918.478	92.33	
918.651	184.49	
918.824	149.67	
918.997	290.98	
919.17	110.76	
919.342	168.1	
919.515	209.06	
919.688	-1.88	
919.861	133.29	
920.033	114.86	
920.206	155.82	
920.379	96.43	
920.551	82.09	
920.724	200.87	
920.897	178.34	
921.069	182.44	
921.242	207.02	
921.414	53.42	
921.587	131.24	
921.759	215.21	
921.932	73.9	
922.104	59.56	
922.277	301.22	
922.449	209.06	
922.622	219.3	
922.794	100.52	
922.966	125.1	
923.139	174.25	
923.311	164.01	
923.483	145.58	
923.656	127.14	
923.828	121	
924	92.33	
924.172	116.9	
924.345	51.37	
924.517	73.9	
924.689	94.38	
924.861	106.67	
925.033	43.18	
925.205	71.85	
925.378	106.67	
925.55	149.67	
925.722	219.3	
925.894	131.24	
926.066	202.92	
926.238	141.48	
926.41	166.06	
926.582	121	
926.754	188.58	
926.926	180.39	
927.098	49.32	
927.27	32.94	
927.442	196.78	
927.613	207.02	
927.785	135.34	
927.957	59.56	
928.129	168.1	
928.301	14.51	
928.472	96.43	
928.644	217.26	
928.816	96.43	
928.988	65.71	
929.159	24.75	
929.331	172.2	
929.503	82.09	
929.674	137.38	
929.846	67.75	
930.018	37.03	
930.189	159.91	
930.361	45.23	
930.532	141.48	
930.704	12.46	
930.875	92.33	
931.047	43.18	
931.218	59.56	
931.39	55.47	
931.561	55.47	
931.733	53.42	
931.904	127.14	
932.075	59.56	
932.247	10.41	
932.418	104.62	
932.589	84.14	
932.761	24.75	
932.932	143.53	
933.103	69.8	
933.274	82.09	
933.446	235.69	
933.617	73.9	
933.788	77.99	
933.959	170.15	
934.13	57.51	
934.302	96.43	
934.473	143.53	
934.644	133.29	
934.815	75.95	
934.986	77.99	
935.157	10.41	
935.328	106.67	
935.499	90.28	
935.67	67.75	
935.841	53.42	
936.012	55.47	
936.183	141.48	
936.354	98.47	
936.525	53.42	
936.695	98.47	
936.866	116.9	
937.037	45.23	
937.208	63.66	
937.379	67.75	
937.549	75.95	
937.72	-34.64	
937.891	100.52	
938.062	92.33	
938.232	67.75	
938.403	-3.93	
938.574	106.67	
938.744	86.19	
938.915	14.51	
939.086	41.13	
939.256	34.99	
939.427	123.05	
939.597	96.43	
939.768	0.17	
939.938	116.9	
940.109	94.38	
940.279	129.19	
940.45	92.33	
940.62	88.23	
940.79	55.47	
940.961	110.76	
941.131	67.75	
941.302	51.37	
941.472	82.09	
941.642	30.89	
941.813	73.9	
941.983	75.95	
942.153	114.86	
942.323	161.96	
942.494	133.29	
942.664	69.8	
942.834	125.1	
943.004	34.99	
943.174	39.08	
943.344	20.65	
943.514	178.34	
943.685	118.95	
943.855	131.24	
944.025	49.32	
944.195	112.81	
944.365	125.1	
944.535	84.14	
944.705	-22.36	
944.875	102.57	
945.045	28.84	
945.214	34.99	
945.384	88.23	
945.554	32.94	
945.724	45.23	
945.894	45.23	
946.064	20.65	
946.234	112.81	
946.403	26.79	
946.573	4.27	
946.743	-38.74	
946.913	-20.31	
947.082	8.36	
947.252	59.56	
947.422	57.51	
947.591	59.56	
947.761	-12.12	
947.93	145.58	
948.1	82.09	
948.27	26.79	
948.439	204.97	
948.609	69.8	
948.778	108.71	
948.948	61.61	
949.117	80.04	
949.287	80.04	
949.456	116.9	
949.626	16.55	
949.795	18.6	
949.964	135.34	
950.134	80.04	
950.303	84.14	
950.472	57.51	
950.642	-26.45	
950.811	32.94	
950.98	92.33	
951.149	104.62	
951.319	61.61	
951.488	-104.28	
951.657	-1.88	
951.826	32.94	
951.995	20.65	
952.164	-10.07	
952.334	157.86	
952.503	-36.69	
952.672	63.66	
952.841	24.75	
953.01	82.09	
953.179	65.71	
953.348	-38.74	
953.517	-91.99	
953.686	100.52	
953.855	143.53	
954.024	32.94	
954.193	-42.84	
954.361	43.18	
954.53	49.32	
954.699	61.61	
954.868	14.51	
955.037	102.57	
955.206	-14.17	
955.374	-18.26	
955.543	-3.93	
955.712	94.38	
955.88	39.08	
956.049	-12.12	
956.218	-32.6	
956.386	98.47	
956.555	32.94	
956.724	43.18	
956.892	61.61	
957.061	41.13	
957.229	63.66	
957.398	-14.17	
957.566	-10.07	
957.735	88.23	
957.903	34.99	
958.072	137.38	
958.24	-55.12	
958.409	18.6	
958.577	-34.64	
958.746	-28.5	
958.914	43.18	
959.082	0.17	
959.251	-1.88	
959.419	8.36	
959.587	10.41	
959.755	-44.88	
959.924	26.79	
960.092	-26.45	
960.26	32.94	
960.428	8.36	
960.596	-3.93	
960.765	112.81	
960.933	61.61	
961.101	80.04	
961.269	16.55	
961.437	41.13	
961.605	-10.07	
961.773	73.9	
961.941	53.42	
962.109	30.89	
962.277	37.03	
962.445	6.31	
962.613	-28.5	
962.781	63.66	
962.949	90.28	
963.117	82.09	
963.285	26.79	
963.452	-8.02	
963.62	-8.02	
963.788	59.56	
963.956	137.38	
964.124	10.41	
964.291	20.65	
964.459	61.61	
964.627	18.6	
964.794	-20.31	
964.962	8.36	
965.13	67.75	
965.297	55.47	
965.465	0.17	
965.632	106.67	
965.8	-12.12	
965.968	-22.36	
966.135	51.37	
966.303	4.27	
966.47	207.02	
966.638	-32.6	
966.805	-71.51	
966.972	16.55	
967.14	34.99	
967.307	59.56	
967.475	149.67	
967.642	30.89	
967.809	77.99	
967.977	61.61	
968.144	-16.21	
968.311	-22.36	
968.479	-85.84	
968.646	-10.07	
968.813	55.47	
968.98	47.27	
969.147	96.43	
969.315	77.99	
969.482	159.91	
969.649	112.81	
969.816	92.33	
969.983	18.6	
970.15	-5.97	
970.317	-28.5	
970.484	20.65	
970.651	14.51	
970.818	-67.41	
970.985	-87.89	
971.152	-5.97	
971.319	88.23	
971.486	137.38	
971.653	24.75	
971.82	12.46	
971.986	69.8	
972.153	100.52	
972.32	34.99	
972.487	57.51	
972.654	18.6	
972.82	219.3	
972.987	-46.93	
973.154	-30.55	
973.321	57.51	
973.487	20.65	
973.654	43.18	
973.821	-8.02	
973.987	28.84	
974.154	-22.36	
974.32	14.51	
974.487	-28.5	
974.653	32.94	
974.82	55.47	
974.986	-59.22	
975.153	4.27	
975.319	-42.84	
975.486	28.84	
975.652	184.49	
975.819	129.19	
975.985	-16.21	
976.151	45.23	
976.318	63.66	
976.484	69.8	
976.65	26.79	
976.817	-22.36	
976.983	-24.4	
977.149	49.32	
977.315	41.13	
977.482	22.7	
977.648	-44.88	
977.814	49.32	
977.98	57.51	
978.146	63.66	
978.312	-57.17	
978.478	80.04	
978.644	37.03	
978.811	26.79	
978.977	12.46	
979.143	100.52	
979.309	-38.74	
979.475	-67.41	
979.64	82.09	
979.806	63.66	
979.972	28.84	
980.138	43.18	
980.304	8.36	
980.47	-28.5	
980.636	-24.4	
980.802	-24.4	
980.967	65.71	
981.133	-53.08	
981.299	-63.32	
981.465	65.71	
981.63	73.9	
981.796	-42.84	
981.962	92.33	
982.127	-87.89	
982.293	-10.07	
982.459	-63.32	
982.624	34.99	
982.79	34.99	
982.955	-53.08	
983.121	-46.93	
983.286	18.6	
983.452	102.57	
983.617	-44.88	
983.783	262.31	
983.948	-26.45	
984.114	-22.36	
984.279	-14.17	
984.445	-87.89	
984.61	-36.69	
984.775	18.6	
984.941	-61.27	
985.106	92.33	
985.271	-26.45	
985.436	22.7	
985.602	0.17	
985.767	88.23	
985.932	-1.88	
986.097	-18.26	
986.262	-28.5	
986.428	47.27	
986.593	-83.8	
986.758	-55.12	
986.923	-20.31	
987.088	-57.17	
987.253	-22.36	
987.418	-42.84	
987.583	32.94	
987.748	63.66	
987.913	-32.6	
988.078	-28.5	
988.243	6.31	
988.408	10.41	
988.573	-8.02	
988.738	75.95	
988.902	-5.97	
989.067	-73.56	
989.232	-38.74	
989.397	-51.03	
989.562	-46.93	
989.726	51.37	
989.891	51.37	
990.056	0.17	
990.221	-51.03	
990.385	-16.21	
990.55	-34.64	
990.715	59.56	
990.879	-38.74	
991.044	4.27	
991.208	-5.97	
991.373	41.13	
991.537	0.17	
991.702	-36.69	
991.866	-87.89	
992.031	-44.88	
992.195	20.65	
992.36	-12.12	
992.524	20.65	
992.689	139.43	
992.853	-22.36	
993.017	-14.17	
993.182	22.7	
993.346	49.32	
993.51	24.75	
993.675	53.42	
993.839	-73.56	
994.003	45.23	
994.167	104.62	
994.332	-96.08	
994.496	28.84	
994.66	77.99	
994.824	24.75	
994.988	-22.36	
995.152	30.89	
995.316	6.31	
995.48	43.18	
995.644	-18.26	
995.809	10.41	
995.973	108.71	
996.137	-22.36	
996.3	18.6	
996.464	-26.45	
996.628	67.75	
996.792	6.31	
996.956	67.75	
997.12	22.7	
997.284	12.46	
997.448	69.8	
997.611	92.33	
997.775	170.15	
997.939	30.89	
998.103	-5.97	
998.267	-53.08	
998.43	67.75	
998.594	-44.88	
998.758	-77.65	
998.921	-10.07	
999.085	14.51	
999.248	43.18	
999.412	34.99	
999.576	-34.64	
999.739	14.51	
999.903	-22.36	
1000.066	18.6	
1000.23	-46.93	
1000.393	39.08	
1000.557	116.9	
1000.72	-22.36	
1000.883	57.51	
1001.047	6.31	
1001.21	104.62	
1001.374	24.75	
1001.537	-42.84	
1001.7	-69.46	
1001.863	18.6	
1002.027	39.08	
1002.19	-40.79	
1002.353	34.99	
1002.516	-36.69	
1002.68	-10.07	
1002.843	34.99	
1003.006	-87.89	
1003.169	2.22	
1003.332	47.27	
1003.495	-38.74	
1003.658	39.08	
1003.821	-8.02	
1003.984	16.55	
1004.147	20.65	
1004.31	-53.08	
1004.473	180.39	
1004.636	2.22	
1004.799	22.7	
1004.962	-20.31	
1005.125	82.09	
1005.288	-18.26	
1005.451	-38.74	
1005.614	12.46	
1005.776	-14.17	
1005.939	-22.36	
1006.102	14.51	
1006.265	51.37	
1006.428	-30.55	
1006.59	-59.22	
1006.753	22.7	
1006.916	59.56	
1007.078	-89.94	
1007.241	84.14	
1007.404	-34.64	
1007.566	12.46	
1007.729	-26.45	
1007.891	-32.6	
1008.054	-40.79	
1008.216	-89.94	
1008.379	-1.88	
1008.541	-20.31	
1008.704	-34.64	
1008.866	49.32	
1009.029	-38.74	
1009.191	59.56	
1009.353	-30.55	
1009.516	30.89	
1009.678	110.76	
1009.84	-42.84	
1010.003	-26.45	
1010.165	94.38	
1010.327	-55.12	
1010.489	110.76	
1010.652	82.09	
1010.814	-28.5	
1010.976	84.14	
1011.138	53.42	
1011.3	-46.93	
1011.462	41.13	
1011.624	45.23	
1011.787	-34.64	
1011.949	67.75	
1012.111	-14.17	
1012.273	-36.69	
1012.435	-16.21	
1012.597	20.65	
1012.759	34.99	
1012.92	45.23	
1013.082	-8.02	
1013.244	0.17	
1013.406	26.79	
1013.568	-53.08	
1013.73	53.42	
1013.892	108.71	
1014.053	-8.02	
1014.215	-69.46	
1014.377	2.22	
1014.539	67.75	
1014.7	-79.7	
1014.862	-16.21	
1015.024	-57.17	
1015.185	-20.31	
1015.347	12.46	
1015.509	-10.07	
1015.67	-53.08	
1015.832	110.76	
1015.993	-22.36	
1016.155	108.71	
1016.316	45.23	
1016.478	0.17	
1016.639	-8.02	
1016.801	12.46	
1016.962	16.55	
1017.124	61.61	
1017.285	-65.36	
1017.446	-5.97	
1017.608	28.84	
1017.769	32.94	
1017.93	12.46	
1018.092	49.32	
1018.253	-104.28	
1018.414	121	
1018.575	-16.21	
1018.737	-38.74	
1018.898	-77.65	
1019.059	-28.5	
1019.22	67.75	
1019.381	57.51	
1019.542	32.94	
1019.704	4.27	
1019.865	-87.89	
1020.026	-5.97	
1020.187	-59.22	
1020.348	-55.12	
1020.509	-73.56	
1020.67	-28.5	
1020.831	0.17	
1020.992	10.41	
1021.152	-91.99	
1021.313	-14.17	
1021.474	-44.88	
1021.635	34.99	
1021.796	-94.04	
1021.957	-85.84	
1022.117	-91.99	
1022.278	-38.74	
1022.439	43.18	
1022.6	-46.93	
1022.76	-91.99	
1022.921	-59.22	
1023.082	-61.27	
1023.242	-14.17	
1023.403	-22.36	
1023.564	-22.36	
1023.724	-12.12	
1023.885	53.42	
1024.045	104.62	
1024.206	55.47	
1024.366	22.7	
1024.527	32.94	
1024.687	55.47	
1024.848	-32.6	
1025.008	34.99	
1025.169	-98.13	
1025.329	34.99	
1025.489	6.31	
1025.65	-53.08	
1025.81	57.51	
1025.97	24.75	
1026.131	-98.13	
1026.291	4.27	
1026.451	86.19	
1026.611	-32.6	
1026.772	59.56	
1026.932	-38.74	
1027.092	0.17	
1027.252	-53.08	
1027.412	-8.02	
1027.572	-32.6	
1027.732	45.23	
1027.892	-61.27	
1028.052	-1.88	
1028.212	16.55	
1028.372	-91.99	
1028.532	-12.12	
1028.692	-40.79	
1028.852	-16.21	
1029.012	10.41	
1029.172	63.66	
1029.332	-24.4	
1029.492	-85.84	
1029.652	63.66	
1029.812	55.47	
1029.971	84.14	
1030.131	-55.12	
1030.291	-59.22	
1030.451	12.46	
1030.61	-51.03	
1030.77	6.31	
1030.93	-34.64	
1031.089	-63.32	
1031.249	69.8	
1031.409	-83.8	
1031.568	20.65	
1031.728	-22.36	
1031.887	8.36	
1032.047	80.04	
1032.206	2.22	
1032.366	-12.12	
1032.525	-112.47	
1032.685	-8.02	
1032.844	-40.79	
1033.004	-32.6	
1033.163	-28.5	
1033.322	53.42	
1033.482	57.51	
1033.641	-38.74	
1033.8	55.47	
1033.96	20.65	
1034.119	-42.84	
1034.278	-12.12	
1034.437	-83.8	
1034.597	102.57	
1034.756	10.41	
1034.915	-61.27	
1035.074	18.6	
1035.233	102.57	
1035.392	-32.6	
1035.551	-51.03	
1035.711	-1.88	
1035.87	-14.17	
1036.029	-20.31	
1036.188	43.18	
1036.347	-32.6	
1036.506	-12.12	
1036.664	-26.45	
1036.823	-44.88	
1036.982	-1.88	
1037.141	-26.45	
1037.3	22.7	
1037.459	-83.8	
1037.618	-12.12	
1037.777	-20.31	
1037.935	55.47	
1038.094	-3.93	
1038.253	-36.69	
1038.412	-22.36	
1038.57	-59.22	
1038.729	45.23	
1038.888	-20.31	
1039.046	-20.31	
1039.205	-20.31	
1039.363	-20.31	
1039.522	-20.31	
1039.681	-20.31	